Linux 3.13.0-91-generic (vm-17-1) 	12/04/2017 	_x86_64_	(4 CPU)

03:01:11 PM kbmemfree kbmemused  %memused kbbuffers  kbcached  kbcommit   %commit  kbactive   kbinact   kbdirty
03:01:21 PM  15705016   4857956     23.62     32936    654548   9040824     43.97   4028400    561976       668
03:01:31 PM  15703656   4859316     23.63     32956    654556   8907632     43.32   4029204    561988       596
03:01:41 PM  15568660   4994312     24.29     32968    654556   9039544     43.96   4165688    561996       624
03:01:51 PM  15440416   5122556     24.91     32980    654580   9039520     43.96   4293640    562004       604
03:02:01 PM  15495612   5067360     24.64     32992    654580   9039532     43.96   4238432    562028       540
03:02:11 PM  15699248   4863724     23.65     33000    654580   8907644     43.32   4032900    562032       560
03:02:21 PM  15432808   5130164     24.95     33012    654632   9052300     44.02   4300692    561988       636
03:02:31 PM  15518080   5044892     24.53     33020    654632   9039532     43.96   4217384    562032       688
03:02:41 PM  15336940   5226032     25.41     33028    654660   9040540     43.97   4397048    560724       632
03:02:51 PM  15197120   5365852     26.09     33044    654784  10352624     50.35   4555940    539380       752
03:03:01 PM  15432856   5130116     24.95     33056    654704   9040540     43.97   4335388    527168       664
03:03:11 PM  15535032   5027940     24.45     33064    654740   9682116     47.09   4231664    526796       584
03:03:21 PM  15214788   5348184     26.01     33168    530604  10622892     51.66   4677292    404508       764
03:03:31 PM  15405884   5157088     25.08     33180    530936  10158824     49.40   4499560    391144       776
03:03:41 PM  14238740   6324232     30.76     33192    574252  11585676     56.34   5700088    352900     44104
03:03:51 PM  13675064   6887908     33.50     33200    624960  11379340     55.34   6309676    308408     94576
03:04:01 PM  15340236   5222736     25.40     33204    654816   9154428     44.52   4671032    287012       596
03:04:11 PM  15590504   4972468     24.18     33212    654820   9155728     44.53   4420476    287016       624
03:04:21 PM  15461044   5101928     24.81     33220    654828   9154428     44.52   4546612    287016       484
03:04:31 PM  15499684   5063288     24.62     33232    654828   9286316     45.16   4488616    287016       544
03:04:41 PM  15724656   4838316     23.53     33248    654828   9022564     43.88   4285328    287032       572
03:04:51 PM  15857112   4705860     22.89     33260    656784   9022564     43.88   4151552    288972       604
03:05:01 PM  15719988   4842984     23.55     33276    657940   9022552     43.88   4286952    290152       544
03:05:11 PM  15707020   4855952     23.62     33292    657940   9155588     44.52   4298644    290164       596
03:05:21 PM  15455188   5107784     24.84     33300    657948   9155576     44.52   4551964    290164       576
03:05:31 PM  14590828   5972144     29.04     33308    658120  10781128     52.43   5442120    260084       848
03:05:41 PM  15592380   4970592     24.17     33320    782212   9023832     43.88   4322388    380052    124900
03:05:51 PM  15455900   5107072     24.84     33340    782220   9287344     45.17   4461352    380116    124660
03:06:01 PM  15380984   5181988     25.20     33352    782228   9163384     44.56   4534740    379936    124696
03:06:11 PM  15349828   5213144     25.35     33360    782232   9163396     44.56   4564572    379936       556
03:06:21 PM  15589008   4973964     24.19     33376    782236   9032052     43.92   4326824    379952       572
03:06:31 PM  15590500   4972472     24.18     33392    782236   9031508     43.92   4325188    379968       560
03:06:41 PM  15591264   4971708     24.18     33408    782236   9032112     43.92   4323880    379984       588
03:06:51 PM  15334876   5228096     25.42     33420    782248   9164000     44.57   4581060    379996       520
03:07:01 PM  15581308   4981664     24.23     33432    782256   9164000     44.57   4333576    380000       564
03:07:11 PM  15470724   5092248     24.76     33436    782260   9164972     44.57   4440080    380000       596
03:07:21 PM  15461076   5101896     24.81     33448    782280   9032132     43.92   4454276    380016       556
03:07:31 PM  15586624   4976348     24.20     33460    782280   9032812     43.93   4327104    380024       580
03:07:41 PM  15321112   5241860     25.49     33472    782284   9164724     44.57   4593580    380024       604
03:07:51 PM  15393080   5169892     25.14     33476    782292   9164032     44.57   4523452    380024       580
03:08:01 PM  15326868   5236104     25.46     33488    782292   9165292     44.57   4589224    380008       568
03:08:11 PM  15269216   5293756     25.74     33500    782292   9165292     44.57   4646104    380020       560
03:08:21 PM  15341804   5221168     25.39     33512    782312   9167264     44.58   4553956    380044       600
03:08:31 PM  15591332   4971640     24.18     33524    782304   9032152     43.92   4324840    380040       472
03:08:41 PM  15456408   5106564     24.83     33532    782316   9035948     43.94   4459268    380060       560
03:08:51 PM  15326160   5236812     25.47     33540    782340   9298252     45.22   4571764    380040       592
03:09:01 PM  15719564   4843408     23.55     33556    783628   9034464     43.94   4194544    381336       600
03:09:11 PM  15582192   4980780     24.22     33568    785292   9032388     43.93   4329452    383008       516
03:09:21 PM  15579376   4983596     24.24     33572    785300   9038484     43.96   4331312    382996       528
03:09:31 PM  15319848   5243124     25.50     33584    785300   9166408     44.58   4591232    382992       568
03:09:41 PM  15258348   5304624     25.80     33596    785292   9124936     44.38   4654820    383000       584
03:09:51 PM  15380696   5182276     25.20     33596    785332   9256824     45.02   4530012    383028       644
03:10:01 PM  15620820   4942152     24.03     33608    785332   8993048     43.73   4290596    383028       656
03:10:11 PM  15339408   5223564     25.40     33616    785332   9125072     44.38   4554976    383024       664
03:10:21 PM  15371288   5191684     25.25     33632    785356   9125072     44.38   4541400    383040       560
03:10:31 PM  15300768   5262204     25.59     33644    785360   9124936     44.38   4610920    383064       568
03:10:41 PM  15292228   5270744     25.63     33660    785364   9124960     44.38   4620316    383080       608
03:10:51 PM  15433960   5129012     24.94     33672    785376   9258096     45.02   4476976    383100       496
03:11:01 PM  15625332   4937640     24.01     33684    785380   8994296     43.74   4286636    383100       568
03:11:11 PM  15400924   5162048     25.10     33692    785380   9126184     44.38   4512436    383100       552
03:11:21 PM  15395020   5167952     25.13     33704    785420   9126196     44.38   4516852    383116       616
03:11:31 PM  15322204   5240768     25.49     33716    785420   9126184     44.38   4590164    383136       612
03:11:41 PM  15487504   5075468     24.68     33732    785420   8994284     43.74   4424640    383140       628
03:11:51 PM  15296392   5266580     25.61     33740    785448   9126172     44.38   4616776    383176       608
03:12:01 PM  15457196   5105776     24.83     33748    785448   9258060     45.02   4453444    383164       580
03:12:11 PM  15620512   4942460     24.04     33760    785448   8994284     43.74   4291156    383172       596
03:12:21 PM  15366424   5196548     25.27     33776    785468   9249532     44.98   4545684    383200       604
03:12:31 PM  15353776   5209196     25.33     33788    785472   9124936     44.38   4557788    383200       528
03:12:41 PM  15617904   4945068     24.05     33804    785472   8994284     43.74   4293156    383216       556
03:12:51 PM  15623424   4939548     24.02     33812    785476   8994284     43.74   4288496    383216       544
03:13:01 PM  15620032   4942940     24.04     33824    785476   9124824     44.38   4291888    383228       552
03:13:11 PM  15755424   4807548     23.38     33836    785604   8993048     43.73   4156844    383364       516
03:13:21 PM  15754220   4808752     23.39     33852    787592   8993048     43.73   4156924    385320       588
03:13:31 PM  15368356   5194616     25.26     33868    788444   9114096     44.32   4541008    386216       560
03:13:41 PM  15309420   5253552     25.55     33876    788448   9125420     44.38   4598584    386224       500
03:13:51 PM  15221140   5341832     25.98     33884    788480   9125408     44.38   4687796    386248       560
03:14:01 PM  15481496   5081476     24.71     33884    788484   9257296     45.02   4427256    386232       584
03:14:11 PM  15613220   4949752     24.07     33896    788488   8993928     43.74   4294436    386244       504
03:14:21 PM  15619508   4943464     24.04     33908    788524   8993928     43.74   4289872    386268       596
03:14:31 PM  15616860   4946112     24.05     33920    788508   8993928     43.74   4292276    386248       536
03:14:41 PM  15352584   5210388     25.34     33932    788508   9125804     44.38   4555300    386256       580
03:14:51 PM  15356020   5206952     25.32     33940    788512   9125804     44.38   4553000    386256       588
03:15:01 PM  15403480   5159492     25.09     33948    788512   9125396     44.38   4506168    386256       464
03:15:11 PM  15309472   5253500     25.55     33964    788512   9125396     44.38   4600676    386272       536
03:15:21 PM  15368488   5194484     25.26     33976    788552   9109692     44.30   4541068    386308       616
03:15:31 PM  15654764   4908208     23.87     33984    788556   8957732     43.56   4254768    386308       612
03:15:41 PM  15674904   4888068     23.77     33984    788556   8957732     43.56   4233392    386284       552
03:15:51 PM  15586572   4976400     24.20     33992    788560   9089620     44.20   4321360    386284       572
03:16:01 PM  15306796   5256176     25.56     33996    788564   9150216     44.50   4603028    386280       528
03:16:11 PM  15275752   5287220     25.71     34000    788564   9089632     44.20   4633356    386276       476
03:16:21 PM  15640304   4922668     23.94     34008    788592   8957744     43.56   4267932    386296       560
03:16:31 PM  15635516   4927456     23.96     34016    788592   8957744     43.56   4273052    386292       552
03:16:41 PM  15365860   5197112     25.27     34024    788592   9221288     44.84   4542388    386292       604
03:16:51 PM  15368076   5194896     25.26     34028    788596   9089644     44.20   4541052    386284       540
03:17:01 PM  15632056   4930916     23.98     34032    788596   8957756     43.56   4276436    386276       528
03:17:11 PM  15630152   4932820     23.99     34036    788596   9090524     44.21   4279760    386272       552
03:17:21 PM  15367580   5195392     25.27     34044    788632   9092188     44.22   4541272    386304       576
03:17:31 PM  15765996   4796976     23.33     34136    789420   8957744     43.56   4143596    387036       640
03:17:41 PM  15764396   4798576     23.34     34144    791212   8957744     43.56   4143580    388832       660
03:17:51 PM  15467188   5095784     24.78     34156    791720   9089620     44.20   4439640    389340       664
03:18:01 PM  15265468   5297504     25.76     34164    791728   9222900     44.85   4639816    389348       524
03:18:11 PM  15627964   4935008     24.00     34172    791732   9091012     44.21   4276344    389344       504
03:18:21 PM  15627584   4935388     24.00     34176    791736   8957732     43.56   4278124    389340       544
03:18:31 PM  15625624   4937348     24.01     34188    791740   8957732     43.56   4280448    389348       556
03:18:41 PM  15494300   5068672     24.65     34204    791740   9089620     44.20   4411248    389360       524
03:18:51 PM  15362504   5200468     25.29     34208    791752   9089620     44.20   4543876    389376       544
03:19:01 PM  15412300   5150672     25.05     34220    791744   9089620     44.20   4494340    389368       580
03:19:11 PM  15240812   5322160     25.88     34220    791752   9089620     44.20   4664676    389368       560
03:19:21 PM  15624296   4938676     24.02     34228    791784   8956032     43.55   4280824    389388       568
03:19:31 PM  15633108   4929864     23.97     34240    791788   9087012     44.19   4272600    389392       596
03:19:41 PM  15624352   4938620     24.02     34248    791788   8958936     43.57   4281852    389388       596
03:19:51 PM  15366376   5196596     25.27     34264    791816   9089644     44.20   4540016    389416       544
03:20:01 PM  15493020   5069952     24.66     34472    791816   9089632     44.20   4413260    389588       640
03:20:11 PM  15259432   5303540     25.79     34484    791820   9089632     44.20   4647124    389600       568
03:20:21 PM  15407236   5155736     25.07     34492    791852   9219820     44.84   4478584    389628       644
03:20:31 PM  15629260   4933712     23.99     34496    791852   9089376     44.20   4275352    389616       544
03:20:41 PM  15397016   5165956     25.12     34496    791852   9056276     44.04   4506912    389604       544
03:20:51 PM  15433252   5129720     24.95     34508    791856   9188376     44.68   4471520    389612       560
03:21:01 PM  15348992   5213980     25.36     34516    791884   9056276     44.04   4558144    389632       496
03:21:11 PM  15395836   5167136     25.13     34516    791884   9056276     44.04   4510424    389628       536
03:21:21 PM  15634164   4928808     23.97     34524    791888   9056276     44.04   4272356    389624       560
03:21:31 PM  15433128   5129844     24.95     34528    791888   9188164     44.68   4471224    389620       552
03:21:41 PM  15639932   4923040     23.94     34532    791888   8924524     43.40   4249796    389612       508
03:21:51 PM  15791580   4771392     23.20     34532    792792   8924524     43.40   4112664    390488       500
03:22:01 PM  15790736   4772236     23.21     34536    794712   8924524     43.40   4113244    392408        64
03:22:11 PM  15431640   5131332     24.95     34544    794840   9057308     44.05   4472768    392540       540
03:22:21 PM  15364540   5198432     25.28     34548    794872   9057308     44.05   4539328    392556       124
03:22:31 PM  15520228   5042744     24.52     34560    794872   9189900     44.69   4381696    392556       588
03:22:41 PM  15366280   5196692     25.27     34572    794872   9057948     44.05   4537600    392564       616
03:22:51 PM  15652284   4910688     23.88     34576    794884   8926056     43.41   4250164    392568       620
03:23:01 PM  15644236   4918736     23.92     34588    794884   9460080     46.01   4259344    392572       524
03:23:11 PM  15652432   4910540     23.88     34592    794884   8926056     43.41   4250260    392564       572
03:23:21 PM  15418420   5144552     25.02     34596    794896   9189216     44.69   4482632    392572       580
03:23:31 PM  15653380   4909592     23.88     34596    794896   9056256     44.04   4248404    392560       604
03:23:41 PM  15476648   5086324     24.74     34600    794896   9058340     44.05   4427840    392564       548
03:23:51 PM  15569756   4993216     24.28     34612    794940   9058352     44.05   4332004    392560       584
03:24:01 PM  15496548   5066424     24.64     34624    794908   9188756     44.69   4405764    392572       608
03:24:11 PM  15340716   5222256     25.40     34628    795240   9057316     44.05   4562768    392568       840
03:24:21 PM  15657124   4905848     23.86     34636    794940   8925428     43.41   4243104    392572       540
03:24:31 PM  15455696   5107276     24.84     34648    794940   9057316     44.05   4448540    392592       580
03:24:41 PM  15501108   5061864     24.62     34656    794940   9188132     44.68   4401216    392592       576
03:24:51 PM  15376984   5185988     25.22     34664    794980   9734364     47.34   4518308    392628       536
03:25:01 PM  15629836   4933136     23.99     35932    801036   8925428     43.41   4267368    396872       636
03:25:11 PM  15625284   4937688     24.01     35940    801036   8926044     43.41   4272952    396868       688
03:25:21 PM  15655672   4907300     23.86     35944    801052   8895776     43.26   4241740    396872       720
03:25:31 PM  15394260   5168712     25.14     35948    801120   9160404     44.55   4504184    396836       492
03:25:41 PM  15337788   5225184     25.41     35960    801124   9027060     43.90   4559872    396828        68
03:25:51 PM  15656540   4906432     23.86     36052    801184   8898564     43.27   4241224    396868       620
03:26:01 PM  15919544   4643428     22.58     36060    801312   8895172     43.26   3977852    397048       660
03:26:11 PM  15917936   4645036     22.59     36072    803232   8895172     43.26   3977200    398980        68
03:26:21 PM  15648592   4914380     23.90     36076    804264   8902128     43.29   4246260    399972       584
03:26:31 PM  15651776   4911196     23.88     36096    804276   8902128     43.29   4243744    399996       596
03:26:41 PM  15524872   5038100     24.50     36108    804272   9034004     43.93   4338892    399980       584
03:26:51 PM  15351432   5211540     25.34     36112    804292   9034016     43.93   4542580    399988       504
03:27:01 PM  15650896   4912076     23.89     36124    804292   8902116     43.29   4242660    399992       580
03:27:11 PM  15642948   4920024     23.93     36136    804292   9033992     43.93   4247828    400000       552
03:27:21 PM  15386788   5176184     25.17     36140    804300   9033992     43.93   4500560    400000       580
03:27:31 PM  15649608   4913364     23.89     36148    804300   8902168     43.29   4245016    399996       528
03:27:41 PM  15636700   4926272     23.96     36156    804308   8902168     43.29   4246144    399996       520
03:27:51 PM  15518884   5044088     24.53     36164    804312   9034056     43.93   4372232    399996       564
03:28:01 PM  15506584   5056388     24.59     36180    804312   9034056     43.93   4389028    400008       488
03:28:11 PM  15478768   5084204     24.73     36192    804312   9032760     43.93   4416584    400024       504
03:28:21 PM  15240708   5322264     25.88     36200    804328   9032760     43.93   4652184    400032       568
03:28:31 PM  15636428   4926544     23.96     36240    804316   8897552     43.27   4258728    400024       648
03:28:41 PM  15122428   5440544     26.46     36244    804348   9811796     47.72   4763972    400048       584
03:28:51 PM  15496252   5066720     24.64     36248    804420   9030144     43.91   4397896    400076       700
03:29:01 PM  15631672   4931300     23.98     36248    804380   8897564     43.27   4263520    400060       652
03:29:11 PM  15630312   4932660     23.99     36256    804384   8897564     43.27   4261904    400060       624
03:29:21 PM  15533424   5029548     24.46     36264    804716   9029452     43.91   4355764    400056       844
03:29:31 PM  15178820   5384152     26.18     36264    804384   9653196     46.94   4715524    400032       600
03:29:41 PM  15194028   5368944     26.11     36268    804508  10465600     50.90   4697696    400100       700
03:29:51 PM  14687864   5875108     28.57     36276    804868  10661656     51.85   5204680    400072       556
03:30:01 PM  14161888   6401084     31.13     36288    849232  11032204     53.65   5704852    400072     45064
03:30:11 PM  13491100   7071872     34.39     36292    899824  11175124     54.35   6398252    400068     41864
03:30:21 PM  15796564   4766408     23.18     36296    930680   8864648     43.11   4096416    401964       596
03:30:31 PM  15383256   5179716     25.19     36312    931708   9002260     43.78   4510156    402996       632
03:30:41 PM  15168032   5394940     26.24     36408    931744   9419404     45.81   4717272    403072       664
03:30:51 PM  15265256   5297716     25.76     36424    931756   9005364     43.79   4627052    403036       684
03:31:01 PM  15403492   5159480     25.09     36424    931764   9138176     44.44   4474288    403028       740
03:31:11 PM  15236052   5326920     25.91     36440    931752   9534672     46.37   4653108    403056       784
03:31:21 PM  15152008   5410964     26.31     36464    807504  10443308     50.79   4736604    403080       624
03:31:31 PM  15248596   5314376     25.84     36472    807976   9817272     47.74   4623760    403208       812
03:31:41 PM  14429976   6132996     29.83     36488    843064  11033664     53.66   5457848    403140     35972
03:31:51 PM  13245364   7317608     35.59     36504    897084  11426192     55.57   6640792    403156     89964
03:32:01 PM  15531948   5031024     24.47     36516    931796   9003324     43.78   4359792    403120       584
03:32:11 PM  15165484   5397488     26.25     36520    931796   9002628     43.78   4725884    403116       604
03:32:21 PM  15339088   5223884     25.40     36524    931820   9003244     43.78   4553436    403120       620
03:32:31 PM  15183556   5379416     26.16     36540    931820   9003244     43.78   4707288    403136       528
03:32:41 PM  14707984   5854988     28.47     36548    932008  10497548     51.05   5181108    403228       820
03:32:51 PM  14769548   5793424     28.17     36564    932056  10433228     50.74   5117108    403236       688
03:33:01 PM  15240092   5322880     25.89     36572    931916   9003804     43.79   4627724    403132       520
03:33:11 PM  15530728   5032244     24.47     36584    931916   8872600     43.15   4359784    403140       544
03:33:21 PM  15430128   5132844     24.96     36620    932088   9006608     43.80   4460988    403232       556
03:33:31 PM  15438624   5124348     24.92     36632    932088   9005344     43.79   4436064    403236       592
03:33:41 PM  15372256   5190716     25.24     36640    932088   9137236     44.44   4518624    403232       592
03:33:51 PM  15290992   5271980     25.64     36644    932108   8982188     43.68   4600844    403224       552
03:34:01 PM  15153480   5409492     26.31     36644    932116   9110316     44.30   4736160    403000       600
03:34:11 PM  15541196   5021776     24.42     36648    932112   8843688     43.01   4349728    402988       624
03:34:21 PM  15806216   4756756     23.13     36656    932268   8843004     43.00   4084916    403136       624
03:34:31 PM  15805096   4757876     23.14     36664    934292   8843004     43.00   4085004    405048       684
Average:     15420842   5142130     25.01     34556    789282   9208724     44.78   4477511    395084      4183
