Linux 3.13.0-91-generic (vm-17-1) 	12/04/2017 	_x86_64_	(4 CPU)

08:16:16 AM kbmemfree kbmemused  %memused kbbuffers  kbcached  kbcommit   %commit  kbactive   kbinact   kbdirty
08:16:26 AM  10139008  10423964     50.69    117844   3975144   9608172     46.73   7228572   2814740       524
08:16:36 AM  10274028  10288944     50.04    117848   3975144   9738740     47.36   7089828   2814728       560
08:16:46 AM  10155228  10407744     50.61    117848   3975144   9741180     47.37   7210796   2814720       512
08:16:56 AM  10271004  10291968     50.05    117848   3975164   9607936     46.72   7096448   2814728       428
08:17:06 AM  10535924  10027048     48.76    117848   3975804   9475772     46.08   6830516   2815360       540
08:17:16 AM  10535180  10027792     48.77    117848   3977980   9475772     46.08   6830656   2817520       536
08:17:26 AM  10269860  10293112     50.06    117852   3978144   9607144     46.72   7091764   2817684       604
08:17:36 AM  10399640  10163332     49.43    117852   3978144   9474744     46.08   6963608   2817676       456
08:17:46 AM  10269028  10293944     50.06    117852   3978148   9607368     46.72   7095616   2817676       492
08:17:56 AM  10239380  10323592     50.20    117856   3978152   9606144     46.72   7125212   2817676       496
08:18:06 AM  10254344  10308628     50.13    117860   3978152   9738300     47.36   7109428   2817676       436
08:18:16 AM  10255612  10307360     50.13    117868   3978152   9607080     46.72   7108424   2817680       448
08:18:26 AM  10386788  10176184     49.49    117868   3978104   9732588     47.33   6974392   2817676       512
08:18:36 AM  10261760  10301212     50.10    117868   3978148   9732956     47.33   7101764   2817672       568
08:18:46 AM  10271464  10291508     50.05    117868   3978128   9603864     46.70   7092964   2817668       480
08:18:56 AM  10271900  10291072     50.05    117872   3978024   9603340     46.70   7093136   2817672       368
08:19:06 AM  10271612  10291360     50.05    117872   3978460   9603340     46.70   7088588   2817672       816
08:19:16 AM  10273948  10289024     50.04    117872   3978136   9603340     46.70   7090780   2817668       408
08:19:26 AM  10257948  10305024     50.11    117872   3978152   9604888     46.71   7105536   2817672       516
08:19:36 AM  10384940  10178032     49.50    117872   3978156   9737220     47.35   6976788   2817672       508
08:19:46 AM  10275192  10287780     50.03    117872   3978156   9603340     46.70   7065772   2817668       492
08:19:56 AM  10272088  10290884     50.05    117876   3978160   9735556     47.35   7092064   2817668       452
08:20:06 AM  10271172  10291800     50.05    117876   3978164   9605324     46.71   7095176   2817660       492
08:20:16 AM  10275788  10287184     50.03    117880   3978164   9473064     46.07   7089604   2817656       480
08:20:26 AM  10259796  10303176     50.11    117884   3978188   9735228     47.34   7104164   2817668       432
08:20:36 AM  10271148  10291824     50.05    117884   3978192   9735380     47.34   7088528   2817664       484
08:20:46 AM  10273436  10289536     50.04    117884   3978188   9602828     46.70   7081224   2817660       492
08:20:56 AM  10251188  10311784     50.15    117884   3978200   9735008     47.34   7113196   2817668       516
08:21:06 AM  10256820  10306152     50.12    117884   3978200   9604824     46.71   7093580   2817664       464
08:21:16 AM  10138212  10424760     50.70    117884   3978200   9602840     46.70   7222328   2817660       456
08:21:26 AM  10236344  10326628     50.22    117888   3978212   9604476     46.71   7124676   2817668       512
08:21:36 AM  10259368  10303604     50.11    117888   3978212   9471224     46.06   7087448   2817664       412
08:21:46 AM  10145600  10417372     50.66    117896   3978216   9602840     46.70   7218560   2817672       464
08:21:56 AM  10256800  10306172     50.12    117904   3978252   9603768     46.70   7107580   2817696       544
08:22:06 AM  10271152  10291820     50.05    117904   3978252   9602828     46.70   7078380   2817684       544
08:22:16 AM  10339800  10223172     49.72    117904   3978256   9602828     46.70   7020836   2817676       476
08:22:26 AM  10174028  10388944     50.52    117904   3978272   9683620     47.09   7189120   2817676       524
08:22:36 AM  10272092  10290880     50.05    117904   3978272   9470940     46.06   7093664   2817664       524
08:22:46 AM  10273076  10289896     50.04    117904   3978276   9604500     46.71   7078692   2817660       420
08:22:56 AM  10271424  10291548     50.05    117904   3978332   9615568     46.76   7091676   2817696       540
08:23:06 AM  10273172  10289800     50.04    117904   3978320   9602828     46.70   7090940   2817672       548
08:23:16 AM  10399360  10163612     49.43    117904   3978320   9470940     46.06   6966076   2817660       528
08:23:26 AM  10271476  10291496     50.05    117908   3978336   9602828     46.70   7093156   2817680       548
08:23:36 AM  10312620  10250352     49.85    117912   3978336   9602828     46.70   7030128   2817672       540
08:23:46 AM  10139464  10423508     50.69    117912   3978344   9601556     46.69   7224612   2817664       552
08:23:56 AM  10226260  10336712     50.27    117916   3978364   9739844     47.37   7119448   2817672       524
08:24:06 AM  10143484  10419488     50.67    117916   3978368   9606440     46.72   7216396   2817648       528
08:24:16 AM  10140116  10422856     50.69    117924   3978368   9734116     47.34   7220312   2817652       520
08:24:26 AM  10271404  10291568     50.05    117928   3978384   9472588     46.07   7092528   2817660       560
08:24:36 AM  10270688  10292284     50.05    117928   3978388   9604476     46.71   7090360   2817656       484
08:24:46 AM  10190932  10372040     50.44    117932   3978392   9604512     46.71   7156784   2817656       488
08:24:56 AM  10273192  10289780     50.04    117932   3978432   9602828     46.70   7092708   2817668       528
08:25:06 AM  10269952  10293020     50.06    117932   3978540   9604480     46.71   7086072   2817792       440
08:25:16 AM  10268968  10294004     50.06    117932   3978544   9608492     46.73   7094928   2817796       512
08:25:26 AM  10164032  10398940     50.57    117936   3978896   9735008     47.34   7200244   2817808       884
08:25:36 AM  10317328  10245644     49.83    117936   3978576   9602840     46.70   7031584   2817796       524
08:25:46 AM  10220640  10342332     50.30    117936   3978576   9735136     47.34   7139280   2817792       452
08:25:56 AM  10385076  10177896     49.50    117940   3978592   9733252     47.33   6973276   2817804       512
08:26:06 AM  10359988  10202984     49.62    117940   3978592   9603592     46.70   7001348   2817800       508
08:26:16 AM  10273332  10289640     50.04    117944   3978596   9602724     46.70   7065512   2817800       412
08:26:26 AM  10257520  10305452     50.12    117944   3978608   9602316     46.70   7106384   2817800       496
08:26:36 AM  10272528  10290444     50.04    117944   3978608   9601800     46.69   7091968   2817800       504
08:26:46 AM  10264904  10298068     50.08    117944   3978608   9601800     46.69   7100284   2817784       488
08:26:56 AM  10272656  10290316     50.04    117944   3978620   9601824     46.69   7085968   2817784       492
08:27:06 AM  10274712  10288260     50.03    117944   3978620   9477376     46.09   7089412   2817776       520
08:27:16 AM  10273472  10289500     50.04    117944   3978624   9591108     46.64   7091740   2817776       512
08:27:26 AM  10145540  10417432     50.66    117944   3978644   9735104     47.34   7216172   2817784       424
08:27:36 AM  10274184  10288788     50.04    117944   3978644   9601812     46.69   7092104   2817768       476
08:27:46 AM  10279356  10283616     50.01    117948   3978644   9727468     47.31   7084368   2817772       476
08:27:56 AM  10274488  10288484     50.03    117952   3978656   9601288     46.69   7089920   2817784       536
08:28:06 AM  10273484  10289488     50.04    117952   3978656   9601968     46.70   7092176   2817772       464
08:28:16 AM  10376356  10186616     49.54    117952   3978660   9602924     46.70   6986256   2817764       460
08:28:26 AM  10261060  10301912     50.10    117956   3978684   9601832     46.69   7102960   2817780       512
08:28:36 AM  10257760  10305212     50.12    117956   3978684   9735160     47.34   7105072   2817768       428
08:28:46 AM  10261124  10301848     50.10    117956   3978684   9601288     46.69   7102840   2817760       472
08:28:56 AM  10273984  10288988     50.04    117960   3978712   9602656     46.70   7091324   2817772       512
08:29:06 AM  10181824  10381148     50.48    117960   3978716   9601288     46.69   7181384   2817764       524
08:29:16 AM  10273060  10289912     50.04    117960   3978724   9601288     46.69   7092112   2817768       540
08:29:26 AM  10350576  10212396     49.66    117960   3978756   9603068     46.70   7006468   2817788       432
08:29:36 AM  10272804  10290168     50.04    117960   3978756   9601288     46.69   7091704   2817768       492
08:29:46 AM  10293640  10269332     49.94    117968   3978756   9601288     46.69   7071364   2817776       508
08:29:56 AM  10241300  10321672     50.20    117968   3978764   9602984     46.70   7105156   2817780       512
08:30:06 AM  10191904  10371068     50.44    117968   3978768   9733464     47.33   7172380   2817776       444
08:30:16 AM  10363940  10199032     49.60    117968   3978768   9600252     46.69   6996000   2817764       476
08:30:26 AM  10306168  10256804     49.88    117972   3978780   9599700     46.68   7028540   2817776       520
08:30:36 AM  10271944  10291028     50.05    117972   3978776   9602936     46.70   7093280   2817768       460
08:30:46 AM  10272848  10290124     50.04    117976   3978776   9601300     46.69   7087688   2817768       484
08:30:56 AM  10259852  10303120     50.11    117976   3978800   9600476     46.69   7103776   2817780       460
08:31:06 AM  10271216  10291756     50.05    117976   3978788   9735168     47.34   7086056   2817752       500
08:31:16 AM  10256004  10306968     50.12    117984   3978792   9602924     46.70   7109112   2817760       516
08:31:26 AM  10395352  10167620     49.45    117984   3978808   9732372     47.33   6960476   2817768       512
08:31:36 AM  10405748  10157224     49.40    117992   3978804   9600888     46.69   6957872   2817768       448
08:31:46 AM  10261600  10301372     50.10    117992   3978812   9601288     46.69   7099716   2817768       480
08:31:56 AM  10407524  10155448     49.39    117996   3978832   9469400     46.05   6956640   2817784       532
08:32:06 AM  10274996  10287976     50.03    117996   3978832   9601696     46.69   7081248   2817776       452
08:32:16 AM  10272736  10290236     50.04    117996   3978832   9601288     46.69   7091984   2817768       428
08:32:26 AM  10273944  10289028     50.04    118000   3978864   9733304     47.33   7090400   2817796       524
08:32:36 AM  10255828  10307144     50.12    118000   3978868   9601288     46.69   7107924   2817780       512
08:32:46 AM  10271396  10291576     50.05    118000   3978872   9601288     46.69   7087920   2817776        72
08:32:56 AM  10271260  10291712     50.05    118000   3978888   9602984     46.70   7093004   2817784       560
08:33:06 AM  10275988  10286984     50.03    118000   3978888   9602384     46.70   7088456   2817776       556
08:33:16 AM  10270604  10292368     50.05    118004   3978892   9731540     47.33   7092884   2817776       524
08:33:26 AM  10144408  10418564     50.67    118004   3978896   9601300     46.69   7220180   2817764        48
08:33:36 AM  10271060  10291912     50.05    118004   3978900   9603284     46.70   7094116   2817764       460
08:33:46 AM  10272604  10290368     50.04    118004   3978900   9733468     47.33   7084088   2817756       444
08:33:56 AM  10351816  10211156     49.66    118004   3978932   9602960     46.70   7001584   2817780       548
08:34:06 AM  10158696  10404276     50.60    118004   3978932   9733176     47.33   7205756   2817768       536
08:34:16 AM  10277976  10284996     50.02    118004   3978932   9601288     46.69   7086052   2817764       188
08:34:26 AM  10255252  10307720     50.13    118004   3978940   9735176     47.34   7108168   2817760       268
08:34:36 AM  10270848  10292124     50.05    118008   3978944   9601288     46.69   7092128   2817768       140
08:34:46 AM  10276988  10285984     50.02    118008   3978944   9597160     46.67   7087416   2817764       468
08:34:56 AM  10403680  10159292     49.41    118008   3978956   9469804     46.05   6961696   2817772       512
08:35:06 AM  10156676  10406296     50.61    118008   3979084   9601288     46.69   7191660   2817892       544
08:35:16 AM  10246536  10316436     50.17    118008   3979084   9733188     47.33   7105156   2817892       128
08:35:26 AM  10271944  10291028     50.05    118012   3979108   9601300     46.69   7092060   2817904       520
08:35:36 AM  10272684  10290288     50.04    118012   3979108   9601300     46.69   7091984   2817888       124
08:35:46 AM  10278236  10284736     50.02    118016   3979108   9601300     46.69   7087064   2817888       460
08:35:56 AM  10270668  10292304     50.05    118020   3979128   9601324     46.69   7092308   2817896       504
08:36:06 AM  10273244  10289728     50.04    118020   3979120   9600800     46.69   7090620   2817880       464
08:36:16 AM  10260640  10302332     50.10    118024   3979124   9600788     46.69   7103944   2817832       472
08:36:26 AM  10275280  10287692     50.03    118024   3979132   9730680     47.32   7080144   2817832       476
08:36:36 AM  10256908  10306064     50.12    118024   3979132   9600276     46.69   7106924   2817828       436
08:36:46 AM  10259872  10303100     50.11    118024   3979132   9601476     46.69   7104840   2817820       472
08:36:56 AM  10272868  10290104     50.04    118028   3979152   9599748     46.68   7084656   2817832       464
08:37:06 AM  10390824  10172148     49.47    118028   3979228   9721512     47.28   6973092   2817816       188
08:37:16 AM  10248540  10314432     50.16    118028   3979140   9591928     46.65   7111104   2817816       540
08:37:26 AM  10210844  10352128     50.34    118032   3979032   9721024     47.27   7155020   2817800       372
08:37:36 AM  10284016  10278956     49.99    118032   3979144   9456920     45.99   7081440   2817804       444
08:37:46 AM  10216296  10346676     50.32    118032   3979144   9850108     47.90   7139904   2817796       448
08:37:56 AM  10152532  10410440     50.63    118032   3979160   9586624     46.62   7190184   2817796       496
08:38:06 AM  10283568  10279404     49.99    118032   3979164   9718112     47.26   7074256   2817788        80
08:38:16 AM  10254012  10308960     50.13    118036   3979164   9718000     47.26   7103048   2817784       492
08:38:26 AM  10153688  10409284     50.62    118036   3979184   9718000     47.26   7209576   2817792       504
08:38:36 AM  10282636  10280336     49.99    118036   3979184   9587656     46.63   7082216   2817788       440
08:38:46 AM  10282452  10280520     50.00    118040   3979184   9586860     46.62   7081424   2817792       476
08:38:56 AM  10422116  10140856     49.32    118040   3979200   9585608     46.62   6937784   2817792       464
08:39:06 AM  10282576  10280396     49.99    118044   3979196   9585608     46.62   7081484   2817784       448
08:39:16 AM  10284716  10278256     49.98    118044   3979200   9585608     46.62   7077224   2817784       456
08:39:26 AM  10292668  10270304     49.95    118044   3979216   9710916     47.23   7073220   2817780       504
08:39:36 AM  10158240  10404732     50.60    118044   3979216   9719480     47.27   7205592   2817772       452
08:39:46 AM  10369152  10193820     49.57    118044   3979216   9717776     47.26   6994180   2817764       448
08:39:56 AM  10203960  10359012     50.38    118044   3979236   9717484     47.26   7159528   2817776       512
08:40:06 AM  10415100  10147872     49.35    118048   3979236   9453708     45.97   6949612   2817776       436
08:40:16 AM  10416372  10146600     49.34    118052   3979236   9453708     45.97   6948988   2817772       452
08:40:26 AM  10350840  10212132     49.66    118060   3979256   9719468     47.27   7003964   2817788       508
08:40:36 AM  10336424  10226548     49.73    118060   3979260   9586952     46.62   7020112   2817788       464
08:40:46 AM  10228592  10334380     50.26    118060   3979264   9717484     47.26   7123192   2817776       456
08:40:56 AM  10546964  10016008     48.71    118060   3979404   9457308     45.99   6817192   2817904       476
08:41:06 AM  10545312  10017660     48.72    118060   3981192   9457308     45.99   6816804   2819684       444
08:41:16 AM  10282120  10280852     50.00    118064   3982348   9592236     46.65   7054836   2820840       444
08:41:26 AM  10265192  10297780     50.08    118072   3982368   9592236     46.65   7095872   2820864       532
08:41:36 AM  10411804  10151168     49.37    118072   3982360   9459928     46.00   6948900   2820840       472
08:41:46 AM  10278348  10284624     50.02    118072   3982368   9592240     46.65   7082964   2820832       476
08:41:56 AM  10280724  10282248     50.00    118072   3982384   9592264     46.65   7081044   2820820       496
08:42:06 AM  10301388  10261584     49.90    118072   3982388   9597052     46.67   7049160   2820824       476
08:42:16 AM  10297852  10265120     49.92    118072   3982388   9594300     46.66   7063916   2820820       452
08:42:26 AM  10336172  10226800     49.73    118072   3982404   9592956     46.65   7015512   2820832       492
08:42:36 AM  10166912  10396060     50.56    118072   3982404   9729780     47.32   7194400   2820824       516
08:42:46 AM  10147376  10415596     50.65    118072   3982408   9596584     46.67   7210728   2820820       480
08:42:56 AM  10175816  10387156     50.51    118072   3982444   9729392     47.32   7184772   2820844       476
08:43:06 AM  10279004  10283968     50.01    118072   3982428   9727128     47.30   7077636   2820820       524
08:43:16 AM  10278120  10284852     50.02    118072   3982428   9595484     46.66   7083488   2820820       404
08:43:26 AM  10265528  10297444     50.08    118072   3982432   9593752     46.66   7095700   2820816       404
08:43:36 AM  10420420  10142552     49.32    118072   3982428   9461124     46.01   6941420   2820812       432
08:43:46 AM  10275740  10287232     50.03    118072   3982332   9725952     47.30   7086360   2820812       320
08:43:56 AM  10275532  10287440     50.03    118072   3982460   9598668     46.68   7086516   2820824        80
08:44:06 AM  10286812  10276160     49.97    118072   3982452   9584044     46.61   7074920   2820804       496
08:44:16 AM  10187504  10375468     50.46    118076   3982448   9720852     47.27   7168100   2820800       468
08:44:26 AM  10232420  10330552     50.24    118076   3982476   9843660     47.87   7126876   2820820        76
08:44:36 AM  10277592  10285380     50.02    118076   3982468   9589920     46.64   7071908   2820796        76
08:44:46 AM  10201908  10361064     50.39    118076   3982468   9720172     47.27   7138768   2820792        76
08:44:56 AM  10278284  10284688     50.02    118080   3982476   9588296     46.63   7084004   2820796       492
08:45:06 AM  10217224  10345748     50.31    118084   3982476   9721820     47.28   7140172   2820796       464
08:45:16 AM  10279364  10283608     50.01    118084   3982476   9589944     46.64   7083928   2820796       500
08:45:26 AM  10277964  10285008     50.02    118092   3982624   9587796     46.63   7083608   2820940       556
08:45:36 AM  10149072  10413900     50.64    118092   3982628   9719964     47.27   7212324   2820932       428
08:45:46 AM  10280964  10282008     50.00    118096   3982628   9588576     46.63   7074056   2820932       476
08:45:56 AM  10277000  10285972     50.02    118096   3982640   9589480     46.63   7084568   2820932       540
08:46:06 AM  10245848  10317124     50.17    118096   3982640   9721308     47.28   7109108   2820928       516
08:46:16 AM  10195196  10367776     50.42    118100   3982640   9719660     47.27   7164880   2820932       484
08:46:26 AM  10274644  10288328     50.03    118104   3982680   9721652     47.28   7088324   2820960       528
08:46:36 AM  10278920  10284052     50.01    118104   3982664   9587772     46.63   7083488   2820936       468
08:46:46 AM  10275040  10287932     50.03    118104   3982668   9588984     46.63   7084656   2820936       496
08:46:56 AM  10282284  10280688     50.00    118112   3982684   9589040     46.63   7075084   2820952       536
08:47:06 AM  10266368  10296604     50.07    118112   3982684   9588316     46.63   7095568   2820948       456
08:47:16 AM  10259780  10303192     50.11    118112   3982688   9589436     46.63   7100732   2820948       472
08:47:26 AM  10198268  10364704     50.40    118112   3982712   9721680     47.28   7163872   2820960       548
08:47:36 AM  10406700  10156272     49.39    118112   3982712   9589444     46.63   6952148   2820944       460
08:47:46 AM  10266068  10296904     50.07    118112   3982712   9719940     47.27   7095436   2820932       432
08:47:56 AM  10162796  10400176     50.58    118112   3982736   9690204     47.12   7194536   2820940       512
08:48:06 AM  10342276  10220696     49.70    118112   3982724   9721656     47.28   6991920   2820916       448
08:48:16 AM  10277180  10285792     50.02    118112   3982728   9588192     46.63   7084036   2820916       444
08:48:26 AM  10277956  10285016     50.02    118116   3982756   9589420     46.63   7084236   2820936       516
08:48:36 AM  10260852  10302120     50.10    118116   3982756   9589420     46.63   7101060   2820924       520
08:48:46 AM  10204348  10358624     50.38    118120   3982756   9587784     46.63   7156708   2820920       520
08:48:56 AM  10278408  10284564     50.01    118120   3982760   9589504     46.63   7083572   2820924       444
08:49:06 AM  10279420  10283552     50.01    118120   3982764   9556844     46.48   7083284   2820916       476
08:49:16 AM  10279080  10283892     50.01    118120   3982660   9587772     46.63   7079520   2820908       348
08:49:26 AM  10278864  10284108     50.01    118120   3982772   9455884     45.99   7083012   2820904       468
08:49:36 AM  10280228  10282744     50.01    118124   3982772   9587772     46.63   7080208   2820908       404
Average:     10274389  10288583     50.03    117991   3979605   9623534     46.80   7086019   2818485       465
